id: 05
pose: [ 0.00000  0.00000  0.55900  0.00000 -0.08727  0.00000]
twist: [ 0.00000  0.00000  0.00000  0.00000  0.00000  0.00000]
t_video: [ 2.06300]
