id: 09
pose: [ 0.00000  0.00000  0.55900  0.00000  0.00000  0.00000]
twist: [ 0.50000  0.00000  0.00000  0.00000  0.00000  0.00000]
t_video: [ 2.04900]
