id: 06
pose: [ 0.00000  0.00000  0.65900  0.00000  0.08727  0.00000]
twist: [ 0.00000  0.00000  0.00000  0.00000  0.00000  0.00000]
