id: 12
pose: [ 0.00000  0.00000  0.55900  0.00000  0.17453  0.00000]
twist: [ 0.00000  0.50000  0.00000  0.00000  0.00000  0.00000]
t_video: [ 2.03800]
