id: 02
pose: [ 0.00000  0.00000  0.85900  0.00000  0.00000  0.00000]
twist: [ 0.00000  0.00000  0.00000  0.00000  0.00000  0.00000]
t_video: [ 1.90000]
