id: 13
pose: [ 0.00000  0.00000  0.65900  0.17453  0.00000  0.00000]
twist: [-0.20000  0.50000  0.00000  0.00000  0.00000  0.00000]
