id: 03
pose: [ 0.00000  0.00000  1.25900  0.00000  0.00000  0.00000]
twist: [ 0.00000  0.00000  0.00000  0.00000  0.00000  0.00000]
t_video: [ 1.76700]
