id: 04
pose: [ 0.00000  0.00000  0.55900  0.00000 -0.34907  0.00000]
twist: [ 0.00000  0.00000  0.00000  0.00000  0.00000  0.00000]
t_video: [ 2.03700]
