id: 00
pose: [ 0.00000  0.00000  0.45900  0.00000  0.00000  0.00000]
twist: [ 0.00000  0.00000  0.00000  0.00000  0.00000  0.00000]
t_video: [ 2.08200]
